scala:3.0460137885439713e-05
ruby:3.067207198739596e-05
ocaml:3.073769672568197e-05
elixir:3.075178043626092e-05
r:3.112568071544781e-05
go:3.124131879418665e-05
autohotkey:3.1366893375022015e-05
kotlin:3.154143306826752e-05
python:3.15915811570108e-05
dart:3.1749015732775085e-05
cplus:3.1756196245772256e-05
javascript:3.1809023876881226e-05
rust:3.1853979343246894e-05
clojure:3.1969735688616504e-05
perl:3.216435915730329e-05
swift:3.230030959603752e-05
java:3.23163735589252e-05
c:3.2521316086530074e-05
haskell:3.397816946217086e-05
bash:3.4711525463453775e-05
lisp:4.543382844569415e-05