autohotkey:0.0999998907274508
c:0.09999999017200002
swift:0.09999999017786883
javascript:0.09999999022323793
r:0.09999999026944084
dart:0.09999999032358117
elixir:0.09999999033456579
ocaml:0.09999999037300004
ruby:0.09999999039259076
clojure:0.09999999039940789
scala:0.09999999044046197
kotlin:0.09999999045285715
haskell:0.09999999045491412
rust:0.09999999055562796
bash:0.09999999068756296
perl:0.09999999085644802
python:0.09999999332155718
cplus:0.10000008039649419
java:0.10000009086844922
go:0.10000019028079947
lisp:0.10000027102763322