haskell:0.09999008078004538
c:0.09999014677656995
scala:0.09999016128199814
bash:0.09999017754259665
java:0.09999019351816457
perl:0.09999023562128455
ruby:0.09999026350900372
lisp:0.09999028105571062
elixir:0.09999035219259907
r:0.09999036295763708
dart:0.0999903666909968
python:0.0999904138765312
autohotkey:0.09999042975405197
rust:0.09999044961595083
javascript:0.09999054308483378
swift:0.09999056747021624
cplus:0.09999058413270721
clojure:0.09999059526975525
go:0.09999066558934389
ocaml:0.09999090617451169
kotlin:0.09999115309566142